6 34 3 12 45 67 423 34 1 2 456 232 merge0,11
merge0,5
merge0,2
merge0,1
6 34 3 12 45 67 423 34 1 2 456 232 
3 6 34 12 45 67 423 34 1 2 456 232 
merge3,5
merge3,4
3 6 34 12 45 67 423 34 1 2 456 232 
3 6 34 12 45 67 423 34 1 2 456 232 
3 6 12 45 34 67 423 34 1 2 456 232 
merge6,11
merge6,8
merge6,7
3 6 12 45 34 67 34 423 1 2 456 232 
3 6 12 45 34 67 1 34 423 2 456 232 
merge9,11
merge9,10
3 6 12 45 34 67 1 34 423 2 456 232 
3 6 12 45 34 67 1 34 423 2 232 456 
3 6 12 45 34 67 1 2 34 423 232 456 
1 3 6 12 34 45 423 2 34 67 232 456 
1 3 6 12 34 45 423 2 34 67 232 456 